Sliced MOF 3 O2 300 700 nm 10 us Delta OD

Labels,0.000 ns,300.000 ns,600.000 ns,900.000 ns,1200.000 ns,1500.000 ns,1800.000 ns,2100.000 ns,2400.000 ns,2700.000 ns,
Type,Emission Scan,Emission Scan,Emission Scan,Emission Scan,Emission Scan,Emission Scan,Emission Scan,Emission Scan,Emission Scan,Emission Scan,
Comment,,,,,,,,,,,
Start,300.00,300.00,300.00,300.00,300.00,300.00,300.00,300.00,300.00,300.00,
Stop,700.00,700.00,700.00,700.00,700.00,700.00,700.00,700.00,700.00,700.00,
Step,10.00,10.00,10.00,10.00,10.00,10.00,10.00,10.00,10.00,10.00,
Fixed/Offset,n/a,n/a,n/a,n/a,n/a,n/a,n/a,n/a,n/a,n/a,
Xaxis,Wavelength,Wavelength,Wavelength,Wavelength,Wavelength,Wavelength,Wavelength,Wavelength,Wavelength,Wavelength,
Yaxis,Delta OD,Delta OD,Delta OD,Delta OD,Delta OD,Delta OD,Delta OD,Delta OD,Delta OD,Delta OD,
Scan Corr. by File,False,False,False,False,False,False,False,False,False,False,
Corr. by Ref. Det.,False,False,False,False,False,False,False,False,False,False,
Fixed/Offset Corr. by File,n/a,n/a,n/a,n/a,n/a,n/a,n/a,n/a,n/a,n/a,
Repeats,0,0,0,0,0,0,0,0,0,0,
Dwell Time,0.00,0.00,0.00,0.00,0.00,0.00,0.00,0.00,0.00,0.00,
Lamp,,,,,,,,,,,
Temp,0.00,0.00,0.00,0.00,0.00,0.00,0.00,0.00,0.00,0.00,
Scan Polariser,None,None,None,None,None,None,None,None,None,None,
Scan Slit,0.00,0.00,0.00,0.00,0.00,0.00,0.00,0.00,0.00,0.00,
Fixed/Offset Polariser,n/a,n/a,n/a,n/a,n/a,n/a,n/a,n/a,n/a,n/a,
Fixed/Offset Slit,n/a,n/a,n/a,n/a,n/a,n/a,n/a,n/a,n/a,n/a,
Detector,,,,,,,,,,,

300.00,3.20143299E-5,2.07049743E-5,-2.26646021E-4,-1.56959886E-5,-1.83540287E-5,-9.72299677E-5,-6.67926914E-4,2.35442174E-4,5.48346288E-5,7.54871799E-5,
310.00,7.84850388E-4,6.89445005E-4,5.25268086E-4,-1.03227394E-4,2.51363381E-4,2.69984099E-4,2.68203061E-4,1.07941974E-4,-4.89979830E-5,2.78283609E-4,
320.00,1.18047034E-3,5.11875376E-4,-5.06045508E-5,-3.86182619E-5,1.57858245E-4,5.57124258E-5,-3.50420742E-4,-5.51679886E-6,1.33608395E-4,1.41425926E-6,
330.00,1.17162988E-3,6.32872572E-4,2.79628643E-4,1.08924207E-4,3.13290831E-4,-4.91334795E-5,9.62828126E-5,3.13504461E-5,1.84493751E-4,2.40777779E-4,
340.00,1.27077952E-3,4.16505965E-4,1.85331592E-4,1.65701873E-4,3.92911134E-5,6.43975818E-6,1.65217498E-4,9.48444285E-5,1.38751027E-4,2.49225239E-4,
350.00,7.81545416E-4,3.58915830E-4,1.44053352E-4,5.84275840E-5,-1.73131208E-4,-1.32878777E-4,-5.46118754E-5,-1.22336802E-4,1.87328278E-5,-7.13921545E-5,
360.00,6.77868491E-4,1.29990920E-4,1.32177811E-4,-2.59574765E-4,-5.13402571E-4,-9.97419120E-5,-3.83760605E-4,-2.45165633E-4,-2.28937242E-5,-2.89353426E-4,
370.00,6.84988743E-4,2.50976853E-4,1.53578600E-4,1.23446589E-4,-7.13199697E-5,-2.85472815E-5,5.72164281E-5,-4.01891739E-5,-8.87329443E-5,4.79240334E-5,
380.00,4.45048063E-4,1.75192574E-4,6.70944646E-5,-7.31110849E-5,-1.63455581E-4,-9.12299583E-5,-1.27326915E-4,-3.86246829E-4,-2.35373722E-4,-3.15940997E-4,
390.00,-1.38893351E-3,-9.02822823E-4,-1.97809655E-4,-3.87935550E-4,-4.48415776E-5,-1.46507751E-4,7.70056358E-5,1.52096472E-4,8.62267771E-5,2.70511198E-4,
400.00,-4.22016857E-3,-2.10321648E-3,-9.23628686E-4,-4.00694582E-4,-2.44219933E-4,-3.06798938E-5,1.69296007E-4,-1.31903153E-5,1.36198460E-5,-7.11395624E-5,
410.00,-2.04461217E-2,-9.25661530E-3,-4.55631875E-3,-2.43000663E-3,-1.46076758E-3,-8.47933872E-4,-7.14553869E-4,-5.22382325E-4,-2.50599347E-4,-2.92293465E-4,
420.00,-1.12369601E-2,-5.03070001E-3,-2.45359889E-3,-1.37432269E-3,-8.52286932E-4,-6.65592321E-4,-4.11109999E-4,-4.92711202E-4,-6.87520776E-4,-5.56227460E-4,
430.00,2.96444842E-3,1.31666579E-3,1.00868091E-3,5.02722687E-4,1.88745529E-4,3.79048797E-5,1.39052339E-4,-5.86730930E-5,-6.51705050E-5,1.24810278E-4,
440.00,3.39080254E-3,1.56050490E-3,8.34392209E-4,1.22005666E-4,3.76198295E-4,5.14728948E-4,2.35391872E-5,3.73847521E-4,3.51984985E-4,3.32351861E-4,
450.00,3.67114227E-3,1.75750733E-3,5.60595479E-4,3.13625293E-4,1.17185475E-4,9.92854330E-5,1.97620626E-4,2.43637085E-4,-1.15877367E-4,-1.05328400E-4,
460.00,3.41819832E-3,1.84832409E-3,8.14040424E-4,2.95491511E-4,1.50917287E-4,3.75621457E-4,1.91829604E-4,2.52317201E-4,8.48327909E-5,8.26533505E-6,
470.00,2.72294926E-3,1.12193730E-3,2.99636944E-4,2.86234736E-5,7.91335478E-5,-2.30338075E-4,3.71840179E-5,-2.36256921E-4,-2.88552226E-4,-4.33021123E-5,
480.00,2.33584479E-3,1.11890747E-3,5.51295292E-4,4.06876206E-4,2.54261366E-4,2.33410727E-4,2.95404432E-4,-3.56787382E-6,1.58101815E-4,4.24541249E-5,
490.00,1.93554559E-3,7.67886813E-4,5.34762279E-4,3.65157437E-4,4.53480345E-4,2.99126375E-4,1.47241153E-4,2.90607481E-4,3.28126596E-4,2.39520465E-4,
500.00,1.26733154E-3,5.64665825E-4,1.48966268E-4,1.78195332E-4,-1.05835745E-4,-2.12528357E-5,1.30245913E-4,1.41054006E-5,-1.26742394E-4,2.76221777E-4,
510.00,4.92054853E-4,2.27354889E-4,2.15752298E-4,3.71614306E-6,1.38639109E-4,-2.44581955E-4,3.84070241E-4,2.94509635E-4,2.32622653E-4,-3.12683660E-5,
520.00,1.29523803E-4,3.23099463E-4,-9.94102811E-5,-6.55963304E-5,-6.05511414E-5,-1.21993362E-4,-1.53632980E-4,-1.75146721E-4,-4.94902604E-4,-3.61870218E-4,
530.00,6.19355007E-4,-3.60965714E-5,1.38519536E-4,-6.09776816E-6,-1.79094219E-4,-2.57827225E-4,-3.01342679E-5,2.46194890E-4,-5.15071006E-5,-9.32123148E-5,
540.00,6.49805588E-4,3.58590623E-4,4.43514029E-4,6.20141145E-5,1.64544064E-4,1.09213477E-4,-1.49341373E-4,-1.81094147E-5,-2.57178006E-4,-2.22807255E-4,
550.00,3.28930008E-4,3.19476909E-4,1.50003572E-4,3.86765969E-5,-1.41085075E-5,1.61862336E-4,-2.09071019E-4,2.03996766E-4,3.85464024E-4,-1.10379697E-4,
560.00,1.97528148E-4,1.09321081E-4,1.17067248E-4,1.18675271E-4,5.38208042E-5,-2.32453094E-5,-1.58412076E-5,-3.00732372E-5,1.97178997E-5,-4.82917094E-5,
570.00,3.91020818E-4,1.66555401E-4,1.35615090E-4,1.03618797E-4,2.28186127E-5,1.02067512E-4,7.65674049E-5,1.60861076E-4,-1.03693594E-4,1.41775861E-4,
580.00,-1.40058852E-4,-1.24846672E-4,-7.77269452E-5,-2.52888771E-4,-3.82453436E-4,-3.52319359E-4,-4.84660122E-4,-3.63504718E-4,-4.14189941E-4,-1.58670562E-4,
590.00,1.86948804E-4,-1.40139746E-4,-1.03680039E-4,-2.44055536E-5,3.06529910E-5,-3.58572637E-4,-2.15043605E-4,1.43555968E-4,4.48399660E-5,-1.05319807E-4,
600.00,1.28796368E-4,7.15580027E-5,1.66788468E-5,-1.11015230E-4,1.09985893E-4,2.43143048E-4,1.05574407E-4,8.12700309E-5,3.83769628E-4,1.84512057E-4,
610.00,7.06534658E-4,1.74822067E-4,2.03107120E-4,-6.36775585E-5,2.37406348E-5,-1.89159618E-4,1.10489862E-4,-1.19743672E-5,-2.35075586E-5,-1.05106381E-4,
620.00,6.03098888E-4,-2.09676127E-5,-1.65637684E-4,2.90636002E-4,-6.67629865E-5,-1.79620314E-4,-1.80633098E-4,1.40216667E-4,2.07735411E-5,8.97289647E-5,
630.00,4.54877358E-4,5.87470968E-5,-2.87430827E-4,2.92631652E-4,1.04042549E-4,-1.61662232E-4,-9.76785304E-5,-1.31289940E-4,1.34629765E-4,1.22644895E-4,
640.00,1.26848667E-4,7.11017579E-4,3.67873577E-6,2.86259106E-4,2.27811513E-4,5.06426732E-4,-1.29775377E-4,4.49192827E-4,-1.43618294E-4,4.30304470E-4,
650.00,1.87914979E-4,3.12676784E-5,-2.47868215E-4,-4.72631764E-5,2.29297133E-4,1.76023983E-4,-3.15896177E-4,-1.61242744E-4,-1.79466864E-4,-1.95824527E-4,
660.00,-7.51241460E-5,-3.53054987E-4,-3.74544703E-4,-4.34634188E-4,-3.80824145E-4,-4.77181529E-5,-7.54027686E-4,-6.64867286E-4,-3.48119182E-4,1.37712865E-4,
670.00,8.12489481E-4,3.77949007E-4,2.35217041E-4,4.63768840E-4,2.40976806E-4,7.31504580E-4,9.02358384E-4,1.81257728E-5,2.75746774E-4,4.37811512E-4,
680.00,9.31178627E-4,8.57324514E-4,6.78142358E-4,9.20782390E-4,8.46747949E-4,6.23639673E-4,5.00270107E-4,3.46451241E-4,5.70133154E-4,2.81749730E-4,
690.00,1.01368358E-4,1.11173058E-3,9.86860250E-4,1.23900245E-3,1.71409990E-3,1.25642517E-3,1.53777411E-3,1.63957104E-3,4.86399629E-4,1.45284703E-3,
700.00,2.37278509E-4,-4.97182227E-5,2.54658284E-4,3.56384349E-4,1.14926159E-4,1.36930219E-4,2.86544615E-4,-5.22273127E-4,5.19070949E-4,-2.94012862E-4,
