Sliced VMOF  Air 300 700 nm 40 us Delta OD

Labels,0.000 us,0.500 us,1.000 us,1.500 us,2.000 us,2.500 us,3.000 us,3.500 us,4.000 us,4.500 us,
Type,Emission Scan,Emission Scan,Emission Scan,Emission Scan,Emission Scan,Emission Scan,Emission Scan,Emission Scan,Emission Scan,Emission Scan,
Comment,,,,,,,,,,,
Start,300.00,300.00,300.00,300.00,300.00,300.00,300.00,300.00,300.00,300.00,
Stop,700.00,700.00,700.00,700.00,700.00,700.00,700.00,700.00,700.00,700.00,
Step,10.00,10.00,10.00,10.00,10.00,10.00,10.00,10.00,10.00,10.00,
Fixed/Offset,n/a,n/a,n/a,n/a,n/a,n/a,n/a,n/a,n/a,n/a,
Xaxis,Wavelength,Wavelength,Wavelength,Wavelength,Wavelength,Wavelength,Wavelength,Wavelength,Wavelength,Wavelength,
Yaxis,Delta OD,Delta OD,Delta OD,Delta OD,Delta OD,Delta OD,Delta OD,Delta OD,Delta OD,Delta OD,
Scan Corr. by File,False,False,False,False,False,False,False,False,False,False,
Corr. by Ref. Det.,False,False,False,False,False,False,False,False,False,False,
Fixed/Offset Corr. by File,n/a,n/a,n/a,n/a,n/a,n/a,n/a,n/a,n/a,n/a,
Repeats,0,0,0,0,0,0,0,0,0,0,
Dwell Time,0.00,0.00,0.00,0.00,0.00,0.00,0.00,0.00,0.00,0.00,
Lamp,,,,,,,,,,,
Temp,0.00,0.00,0.00,0.00,0.00,0.00,0.00,0.00,0.00,0.00,
Scan Polariser,None,None,None,None,None,None,None,None,None,None,
Scan Slit,0.00,0.00,0.00,0.00,0.00,0.00,0.00,0.00,0.00,0.00,
Fixed/Offset Polariser,n/a,n/a,n/a,n/a,n/a,n/a,n/a,n/a,n/a,n/a,
Fixed/Offset Slit,n/a,n/a,n/a,n/a,n/a,n/a,n/a,n/a,n/a,n/a,
Detector,,,,,,,,,,,

300.00,2.02967343E-3,7.69953913E-5,1.26129063E-3,1.79055543E-3,1.67860751E-4,1.57937908E-3,6.66429929E-4,4.78354574E-4,9.91508248E-4,8.31442478E-4,
310.00,8.56133585E-4,8.87861068E-4,-6.17631595E-4,9.91178793E-4,2.06666118E-6,1.29458713E-4,3.91854293E-4,4.69271356E-4,-1.27975945E-4,2.53453152E-4,
320.00,8.19322129E-4,1.07647292E-3,4.52590320E-4,-4.72666288E-4,6.70547015E-4,-4.31900480E-5,-2.64287693E-4,2.39862333E-4,-1.80393705E-4,-4.01205878E-4,
330.00,1.42151886E-3,1.47898344E-3,6.39720820E-4,5.57854888E-4,-7.75905937E-5,1.53532892E-5,3.26763868E-4,-1.04616287E-4,1.37641488E-4,5.20628702E-4,
340.00,8.54047597E-4,5.53520513E-4,2.79736967E-4,4.51193220E-4,1.16390838E-4,-1.27961021E-5,-1.10418718E-4,-3.53451323E-4,-3.60553066E-4,-7.56436842E-4,
350.00,1.00228214E-3,7.34846864E-4,4.49304964E-4,8.21401831E-4,7.81649491E-4,5.20870308E-5,2.58423184E-4,6.10157440E-4,1.77147434E-4,7.49560713E-4,
360.00,1.36260397E-3,1.13905512E-3,5.21231676E-4,5.70542819E-4,7.71023915E-4,2.21107650E-4,4.91030456E-4,5.34813793E-4,1.17236043E-4,4.85624943E-4,
370.00,8.15371983E-4,1.13261002E-3,6.65908854E-4,6.90328772E-4,1.35173948E-4,1.97261805E-4,2.54682178E-4,3.06047121E-4,2.97827966E-4,2.47366697E-4,
380.00,1.45675265E-3,7.60542869E-4,3.34520475E-4,1.40139353E-4,1.67220438E-4,2.27626733E-5,3.92516704E-5,-2.57669366E-4,1.30320710E-4,-2.75786675E-4,
390.00,1.12665107E-3,8.69218202E-4,6.28125854E-4,2.76799110E-4,1.86643229E-4,4.34563335E-5,-2.55891267E-4,-9.65721774E-5,-1.19057622E-4,-2.79595028E-4,
400.00,-8.97133956E-4,-7.76277797E-4,-1.94742403E-4,-1.04290921E-4,-2.63914171E-5,-2.21286798E-4,-2.73507816E-4,-1.55138885E-4,1.72793312E-4,-1.00022269E-4,
410.00,-3.67870298E-3,-3.03407479E-3,-1.84533454E-3,-1.62509771E-3,-1.37088937E-3,-1.15674350E-3,-7.90245482E-4,-4.97061585E-4,-2.26227465E-4,-4.12088149E-4,
420.00,-1.77464914E-2,-1.31403310E-2,-9.45326872E-3,-6.61029899E-3,-5.40023996E-3,-3.61170061E-3,-2.82056979E-3,-2.41981400E-3,-1.92570011E-3,-1.59867399E-3,
430.00,-2.37131994E-2,-1.70206428E-2,-1.18412813E-2,-8.78928788E-3,-6.21346384E-3,-4.76456154E-3,-3.57163278E-3,-2.51451530E-3,-2.21851445E-3,-1.60317984E-3,
440.00,-9.19926679E-4,-3.22539767E-4,-8.42437788E-4,1.64574434E-4,-2.91155884E-4,9.02654792E-5,3.92308633E-4,8.91643867E-5,5.26300806E-4,3.84566083E-4,
450.00,4.50669043E-3,3.34931770E-3,2.56001321E-3,2.26912834E-3,1.28816871E-3,1.48671935E-3,1.16144447E-3,6.46412838E-4,9.27987625E-4,7.80216884E-4,
460.00,3.32266977E-3,2.62210052E-3,1.89921889E-3,1.22187764E-3,1.16629107E-3,5.88535564E-4,4.11935529E-4,3.52005591E-4,4.43271449E-4,2.13275634E-4,
470.00,2.18333560E-3,1.50181970E-3,1.15805492E-3,9.95126553E-4,5.72633173E-4,5.65007445E-4,6.01676293E-4,3.71262926E-4,3.85946943E-4,1.23832855E-4,
480.00,1.31244026E-3,8.80901935E-4,5.92976343E-4,3.36342666E-4,1.98978069E-5,-1.14755981E-4,8.48507334E-5,-4.44473728E-4,-2.82838591E-4,-4.07383952E-4,
490.00,7.28399260E-4,7.38889154E-4,4.14140726E-4,9.61414753E-6,2.48341006E-4,1.75576322E-4,-1.25488514E-4,-2.61789275E-4,-1.43803773E-4,1.12208254E-5,
500.00,7.64712517E-4,4.50177002E-4,3.19860847E-4,4.37244598E-4,2.03343589E-4,2.92307901E-4,3.25904948E-5,-1.99166418E-4,-1.32487607E-4,-1.12620743E-4,
510.00,7.53101776E-5,3.23852946E-5,-1.11920068E-4,2.90985481E-4,2.86761526E-4,2.32356440E-4,4.79897077E-4,1.64287179E-4,2.46873562E-4,2.48815748E-4,
520.00,-6.95636147E-4,-6.07119873E-4,-5.87357135E-5,2.00904818E-4,-3.59395257E-4,-3.59173398E-4,-1.26119325E-4,-2.29782381E-4,-1.62462718E-4,7.19173931E-6,
530.00,2.03894480E-4,1.11695066E-4,4.08820488E-4,6.01030944E-4,6.18613500E-4,5.18828514E-4,-2.15024760E-4,4.78913047E-4,4.31889406E-4,2.22342904E-4,
540.00,2.52945320E-4,4.05805302E-4,7.52529886E-5,2.89819931E-4,-6.65756306E-5,7.74570872E-5,-2.11568768E-4,-3.32605996E-4,1.73974695E-4,-3.65278509E-4,
550.00,2.49717472E-4,4.19077231E-4,3.05447902E-4,8.23827650E-5,1.91762083E-4,5.44166425E-4,6.79711578E-4,1.07398526E-4,2.89672636E-4,1.11229980E-4,
560.00,4.12593858E-4,4.89784812E-4,4.81174589E-4,5.58798842E-4,5.38194261E-4,3.97142954E-4,4.84009535E-4,3.95206240E-4,5.49928343E-4,2.06618817E-4,
570.00,4.49693383E-4,3.20962688E-4,-8.59556822E-5,3.46731831E-4,1.45400743E-4,2.09393329E-4,4.75159090E-4,1.42154822E-4,-2.43726518E-5,1.08588916E-4,
580.00,6.40738697E-4,3.14757926E-4,7.03498372E-5,-8.06703611E-5,-3.96980322E-4,-1.25566046E-4,-1.87101599E-4,-1.50592517E-4,-3.55162221E-4,1.90734019E-4,
590.00,3.79457138E-4,-1.98333335E-4,2.68323114E-4,-2.55668827E-4,-6.83121762E-5,4.90981212E-4,1.50419088E-4,-1.12521033E-4,3.01501452E-4,-3.03761830E-4,
600.00,2.65739480E-4,2.37555447E-4,2.00362643E-4,5.11851977E-4,1.33295238E-4,3.87720385E-4,1.52479115E-4,1.78533781E-4,1.38493342E-4,1.81606272E-4,
610.00,7.93441373E-4,7.04424514E-4,6.54382457E-4,6.49384921E-4,3.74433817E-4,5.61732275E-4,5.71820128E-4,2.39679594E-6,8.77896906E-4,3.64145875E-4,
620.00,1.18587306E-3,1.45983684E-3,2.17707711E-4,9.09629569E-4,5.74658043E-4,3.76155891E-4,5.35170955E-4,8.59322143E-4,9.07044508E-4,1.25521445E-3,
630.00,7.69965583E-4,8.88374401E-4,2.28019897E-4,9.25829052E-4,8.52136232E-4,7.03899947E-4,8.49036092E-4,1.25953450E-3,5.21699374E-4,5.28224919E-4,
640.00,4.67914419E-4,5.85332105E-4,9.93966591E-4,-7.24929094E-4,1.85611963E-4,-6.00839907E-4,-3.52331495E-4,3.22394131E-4,-3.80328856E-4,-2.70628316E-5,
650.00,-4.62833734E-4,9.07882524E-4,-5.98170096E-4,1.08602500E-4,-3.56731325E-4,-8.11814913E-4,2.86997150E-4,7.08988169E-4,-6.33218384E-4,2.50873651E-4,
660.00,1.03955122E-3,2.43983418E-3,8.87257687E-4,1.34971330E-3,1.40176970E-3,2.93256540E-4,1.47753640E-3,9.86037892E-4,1.10143505E-3,4.36566217E-4,
670.00,2.75799015E-4,1.51739095E-3,7.05413462E-4,5.94446377E-4,1.77485927E-3,3.89507448E-4,1.35441788E-3,1.44635013E-3,-2.58704356E-4,2.01958625E-4,
680.00,4.74321336E-4,1.39407709E-3,2.65020441E-4,3.89900320E-4,7.94423919E-4,1.15069852E-3,-2.49486708E-4,1.24808261E-3,4.56121255E-4,1.09318586E-3,
690.00,2.10841512E-3,6.18040911E-4,7.32469023E-4,5.31313708E-4,9.04670102E-4,-1.54914145E-4,1.74611656E-3,1.29460427E-3,-1.03990303E-3,-9.47758672E-5,
700.00,-8.70644057E-4,2.23873160E-3,-7.67464750E-4,9.50430547E-7,-2.28182762E-3,-1.46951014E-3,2.60410015E-4,-1.57269579E-3,-2.16399087E-3,-1.56312326E-5,
