Sliced MOF 1 Air 300 700 nm 40 us Delta OD

Labels,0.000 us,0.500 us,1.000 us,1.500 us,2.000 us,2.500 us,3.000 us,3.500 us,4.000 us,4.500 us,
Type,Emission Scan,Emission Scan,Emission Scan,Emission Scan,Emission Scan,Emission Scan,Emission Scan,Emission Scan,Emission Scan,Emission Scan,
Comment,,,,,,,,,,,
Start,300.00,300.00,300.00,300.00,300.00,300.00,300.00,300.00,300.00,300.00,
Stop,700.00,700.00,700.00,700.00,700.00,700.00,700.00,700.00,700.00,700.00,
Step,10.00,10.00,10.00,10.00,10.00,10.00,10.00,10.00,10.00,10.00,
Fixed/Offset,n/a,n/a,n/a,n/a,n/a,n/a,n/a,n/a,n/a,n/a,
Xaxis,Wavelength,Wavelength,Wavelength,Wavelength,Wavelength,Wavelength,Wavelength,Wavelength,Wavelength,Wavelength,
Yaxis,Delta OD,Delta OD,Delta OD,Delta OD,Delta OD,Delta OD,Delta OD,Delta OD,Delta OD,Delta OD,
Scan Corr. by File,False,False,False,False,False,False,False,False,False,False,
Corr. by Ref. Det.,False,False,False,False,False,False,False,False,False,False,
Fixed/Offset Corr. by File,n/a,n/a,n/a,n/a,n/a,n/a,n/a,n/a,n/a,n/a,
Repeats,0,0,0,0,0,0,0,0,0,0,
Dwell Time,0.00,0.00,0.00,0.00,0.00,0.00,0.00,0.00,0.00,0.00,
Lamp,,,,,,,,,,,
Temp,0.00,0.00,0.00,0.00,0.00,0.00,0.00,0.00,0.00,0.00,
Scan Polariser,None,None,None,None,None,None,None,None,None,None,
Scan Slit,0.00,0.00,0.00,0.00,0.00,0.00,0.00,0.00,0.00,0.00,
Fixed/Offset Polariser,n/a,n/a,n/a,n/a,n/a,n/a,n/a,n/a,n/a,n/a,
Fixed/Offset Slit,n/a,n/a,n/a,n/a,n/a,n/a,n/a,n/a,n/a,n/a,
Detector,,,,,,,,,,,

300.00,4.66757827E-3,7.96685228E-4,2.90151685E-3,2.19823676E-3,9.62483173E-4,-1.04138308E-5,5.17084118E-5,3.38321988E-4,-1.40953853E-4,-1.72535540E-4,
310.00,6.01364067E-3,4.18571103E-3,3.11782863E-3,1.47711055E-3,1.92123221E-3,9.91542940E-4,1.59936945E-3,1.84954668E-3,6.14863005E-4,4.67126403E-4,
320.00,9.78516508E-3,7.46294064E-3,5.36357518E-3,4.30079689E-3,3.03963944E-3,2.45215674E-3,1.57660851E-3,1.85257802E-3,1.02842390E-3,1.25667476E-3,
330.00,1.26776062E-2,8.98915343E-3,6.64657867E-3,6.14916580E-3,4.36110934E-3,2.90111988E-3,2.95932172E-3,2.14389549E-3,2.06888979E-3,1.21611799E-3,
340.00,1.15230223E-2,8.81127641E-3,6.47110073E-3,5.12786862E-3,3.72851919E-3,2.93559604E-3,2.22206186E-3,1.94041082E-3,1.58434722E-3,8.37139727E-4,
350.00,8.76676384E-3,6.95691677E-3,5.43908030E-3,3.94000905E-3,3.27448477E-3,2.73230136E-3,2.21719872E-3,1.27620704E-3,1.64394884E-3,1.32077956E-3,
360.00,6.28507743E-3,4.75799805E-3,3.69344489E-3,2.89454148E-3,2.17747828E-3,2.02631904E-3,1.33819238E-3,9.77724674E-4,6.72997208E-4,5.78578503E-4,
370.00,5.30455448E-3,3.88591620E-3,2.83515523E-3,2.66902242E-3,2.00389489E-3,1.63910922E-3,1.28367043E-3,4.66312718E-4,3.78484721E-4,7.90362421E-4,
380.00,2.95059429E-3,2.13525747E-3,1.82271178E-3,9.17894824E-4,1.21101784E-3,5.66787203E-4,4.55098983E-4,-1.55466987E-5,-5.85711212E-4,8.17517794E-5,
390.00,-1.17829191E-2,-8.70133657E-3,-6.85681263E-3,-5.22494549E-3,-4.39641997E-3,-2.96541979E-3,-2.07398715E-3,-1.80850294E-3,-1.35019515E-3,-5.81708446E-4,
400.00,-3.21460925E-2,-2.51111630E-2,-1.99623425E-2,-1.53589193E-2,-1.25594083E-2,-9.83896572E-3,-7.98035786E-3,-6.69147028E-3,-5.01757534E-3,-4.19917237E-3,
410.00,-1.35704741E-1,-1.02848433E-1,-7.84802735E-2,-6.02920279E-2,-4.87016104E-2,-3.82795297E-2,-3.00960131E-2,-2.49278098E-2,-1.91099476E-2,-1.59304924E-2,
420.00,-4.85205799E-2,-3.53043787E-2,-2.56890189E-2,-1.91346332E-2,-1.43331503E-2,-1.08135678E-2,-8.18143878E-3,-6.96600275E-3,-5.57985762E-3,-5.14752837E-3,
430.00,3.96416634E-2,3.10483892E-2,2.46414952E-2,1.94544960E-2,1.54597349E-2,1.24698319E-2,9.94164404E-3,8.32719263E-3,7.17212260E-3,5.97389229E-3,
440.00,1.90627556E-2,1.42749576E-2,1.04274163E-2,8.28993507E-3,6.41489867E-3,4.66684438E-3,4.00578324E-3,3.09475232E-3,2.29448825E-3,2.15934520E-3,
450.00,1.93692725E-2,1.43158920E-2,1.04499105E-2,8.35514441E-3,6.05277158E-3,4.95152269E-3,4.24283324E-3,2.86674220E-3,2.52925116E-3,2.15556100E-3,
460.00,2.32787374E-2,1.69240870E-2,1.27187958E-2,9.59830452E-3,7.28568714E-3,6.00425573E-3,4.78845416E-3,3.52216279E-3,3.00086709E-3,2.30809581E-3,
470.00,1.96138807E-2,1.47458920E-2,1.11347931E-2,8.26837216E-3,6.76008360E-3,5.19137876E-3,3.92704643E-3,3.62905208E-3,2.51234672E-3,2.41018808E-3,
480.00,1.70467719E-2,1.29737007E-2,9.67316888E-3,7.52598187E-3,5.75723825E-3,4.14406694E-3,3.47512984E-3,2.35977676E-3,2.26147240E-3,1.58513698E-3,
490.00,1.19614704E-2,9.47990362E-3,6.81673968E-3,5.31546352E-3,4.40093735E-3,2.87079159E-3,2.78265937E-3,2.36906880E-3,1.16637698E-3,1.27932848E-3,
500.00,8.56326241E-3,6.87027350E-3,4.45633521E-3,3.62581084E-3,3.02175689E-3,2.13988847E-3,2.11629272E-3,1.47342449E-3,7.58939248E-4,7.69815582E-4,
510.00,4.79311543E-3,4.10021422E-3,2.81245052E-3,2.27777264E-3,1.72277912E-3,1.48251920E-3,1.02513062E-3,8.07033386E-4,1.07826816E-3,6.35119970E-4,
520.00,2.80311098E-3,1.66139123E-3,1.45327358E-3,1.48856232E-3,6.08371338E-4,9.58231802E-4,9.26765730E-4,2.82426190E-4,3.64527194E-4,2.18208414E-4,
530.00,3.12506151E-3,2.63839401E-3,1.64556631E-3,9.68839042E-4,8.45224189E-4,4.04005346E-4,1.12976681E-3,3.94253293E-4,2.35441519E-4,4.52332839E-4,
540.00,2.58273399E-3,2.13405420E-3,1.76687166E-3,1.38571043E-3,9.41747276E-4,1.05526380E-3,-2.65483886E-5,6.66639011E-4,8.68556162E-5,2.87610776E-4,
550.00,2.14295927E-3,1.49110437E-3,1.06766680E-3,7.75371096E-4,9.72439477E-4,9.04709334E-4,3.06633388E-4,5.24396484E-4,3.10290983E-4,8.04365118E-5,
560.00,1.05070916E-3,7.88760488E-4,6.46643632E-4,-7.88406760E-5,-7.30599204E-5,-2.14111715E-4,-4.26825194E-4,-8.70973308E-5,9.64932842E-5,1.12354755E-4,
570.00,1.01403007E-3,4.82963049E-4,2.92440236E-4,5.11966646E-4,1.71348202E-5,3.74133466E-4,2.74199236E-4,1.97197922E-4,6.91806927E-5,4.55565343E-4,
580.00,1.27683929E-3,8.31744284E-4,5.41058136E-4,7.66836340E-4,7.92219827E-4,3.24083056E-4,6.46871689E-4,3.96787800E-4,6.71351270E-4,3.96053976E-4,
590.00,2.31571961E-3,2.02971813E-3,1.86256587E-3,1.19596208E-3,1.30207487E-3,1.38422160E-3,6.55292417E-4,9.70734633E-4,5.35720261E-4,9.31366638E-4,
600.00,2.10841116E-3,1.27733673E-3,1.26114523E-3,7.88449077E-4,6.89870911E-4,3.76512296E-4,2.27048091E-4,4.01451340E-4,2.87576957E-4,1.55788366E-4,
610.00,3.08394548E-3,1.77549105E-3,1.51231245E-3,1.55872758E-3,1.39649934E-3,1.17552059E-3,5.44006645E-4,1.04910741E-3,7.92549399E-4,8.83829023E-4,
620.00,2.86992616E-3,2.12876359E-3,2.00209091E-3,1.29383290E-3,1.40966359E-3,1.38084090E-3,6.23461267E-4,1.44986843E-3,7.23282923E-4,1.21015264E-3,
630.00,1.68016832E-3,1.04929227E-3,3.73461575E-4,1.21703651E-3,3.88128072E-4,3.37695325E-4,2.60001863E-4,-1.65524019E-4,-1.20225435E-4,3.27156682E-4,
640.00,1.73466711E-3,8.62183806E-4,1.54533179E-3,7.83168420E-4,6.32846553E-4,4.72794112E-4,1.48942534E-4,1.22138401E-4,9.86224259E-5,1.82784031E-4,
650.00,9.07695503E-4,1.32165989E-3,3.38582060E-4,1.53979007E-3,9.32525145E-4,3.27249058E-4,4.25763370E-4,7.22438563E-4,3.07735201E-4,5.27016586E-4,
660.00,1.65135320E-3,1.34245225E-3,6.21966727E-4,1.61173160E-3,1.00113603E-3,3.59279366E-4,1.07237697E-3,-3.63507890E-4,1.87067679E-4,6.99951197E-4,
670.00,2.19246978E-3,1.42442517E-3,9.28996596E-4,3.79630015E-4,-4.73398686E-4,3.68713983E-4,2.84246693E-4,1.85588251E-5,1.05728523E-3,8.66131741E-5,
680.00,2.22766562E-3,1.07826572E-3,1.23749627E-3,1.55525544E-4,1.68879924E-4,2.23855721E-3,7.81177368E-4,5.62304107E-4,1.74758525E-3,2.09203572E-4,
690.00,2.41405657E-3,6.95385330E-4,1.51850784E-3,-1.15411321E-3,1.08072720E-3,7.31789623E-4,-1.95427972E-4,1.10139605E-3,-5.57307503E-4,4.92900668E-4,
700.00,6.19085040E-4,1.19403016E-3,2.16344604E-3,2.01263488E-3,1.83690211E-3,-3.08163522E-4,2.82678579E-4,-7.12711422E-4,1.57677277E-3,-1.98425885E-4,
